1,subdomain 1,1234,22,33,23,43,12,2017-08-15 15:58:00
2,subdomain 2,1234,22,33,23,43,12,2017-08-15 15:58:00
3,subdomain 3,1234,22,33,23,43,12,2017-08-15 15:58:00
4,subdomain 4,1234,22,33,23,43,12,2017-08-15 15:58:00
5,5ubdomain 5,1234,22,33,23,43,12,2017-08-15 15:58:00
6,subdomain 6,1234,22,63,33,43,12,2017-08-15 15:58:00
7,subdomain 7,1234,62,37,23,43,12,2017-08-15 15:58:00
8,subdomain 8,1234,25,33,24,43,12,2017-08-15 15:58:00
9,subdomain 9,1234,24,34,53,43,12,2017-08-15 15:58:00
10,subdomain 2,1233,22,33,23,43,12,2017-08-15 15:58:00
11,subdomain 3,1244,22,33,23,43,12,2017-08-15 15:58:00
12,subdomain 3,1334,22,33,23,43,12,2017-08-15 15:58:00
